
0 1
0.01 1
0.02 1
0.029999999999999999 2
0.040000000000000001 2
0.050000000000000003 4
0.060000000000000005 4
0.070000000000000007 8
0.080000000000000002 8
0.089999999999999997 13
0.099999999999999992 16
0.10999999999999999 20
0.11999999999999998 20.4456
0.12999999999999998 20.7373
0.13999999999999999 21.1674
0.14999999999999999 21.5424
0.16 21.911
0.17000000000000001 22.2735
0.18000000000000002 22.6301
0.19000000000000003 22.9813
0.20000000000000004 23.3271
0.21000000000000005 23.6679
0.22000000000000006 24.0038
0.23000000000000007 24.3762
0.24000000000000007 24.7025
0.25000000000000006 25.0245
0.26000000000000006 25.3424
0.27000000000000007 25.6564
0.28000000000000008 25.9665
0.29000000000000009 26.273
0.3000000000000001 26.576
0.31000000000000011 26.8756
0.32000000000000012 27.2086
0.33000000000000013 27.5013
0.34000000000000014 27.7908
0.35000000000000014 28.0774
0.36000000000000015 28.3611
0.37000000000000016 28.6419
0.38000000000000017 28.92
0.39000000000000018 29.1955
0.40000000000000019 29.5024
0.4100000000000002 29.7724
0.42000000000000021 30.0401
0.43000000000000022 30.3054
0.44000000000000022 30.5684
0.45000000000000023 30.8291
0.46000000000000024 30.0666
0.47000000000000025 30.3317
0.48000000000000026 30.5944
0.49000000000000027 30.8874
0.50000000000000022 30.1331
0.51000000000000023 30.3976
0.52000000000000024 30.6598
0.53000000000000025 30.9197
0.54000000000000026 30.1663
0.55000000000000027 30.4305
0.56000000000000028 30.6924
0.57000000000000028 30.9844
0.58000000000000029 30.2326
0.5900000000000003 30.4962
0.60000000000000031 30.7575
0.61000000000000032 30
0.62000000000000033 30.2656
0.63000000000000034 30.529
0.64000000000000035 30.79
0.65000000000000036 30.0333
0.66000000000000036 30.3317
0.67000000000000037 30.5944
0.68000000000000038 30.855
0.69000000000000039 30.0999
0.7000000000000004 30.3647
0.71000000000000041 30.6271
0.72000000000000042 30.8874
0.73000000000000043 30
0.74000000000000044 30
0.75000000000000044 30
0.76000000000000045 30
0.77000000000000046 30
0.78000000000000047 30
0.79000000000000048 30
