0 -1 -1 1 1
0.10000000000000001 42 -1 21.1674 1
0.20000000000000001 123 -1 24.7025 1
0.30000000000000004 204 -1 27.7908 1
0.40000000000000002 285 -1 30.5684 1
0.5 367 -1 30.1994 1
0.59999999999999998 448 -1 30.8225 1
0.69999999999999996 529 -1 30.4305 1
0.79999999999999993 610 -1 30.0333 1
0.89999999999999991 691 -1 30.6598 1
0.99999999999999989 772 -1 30.2656 1
1.0999999999999999 848 6 30.725 8
1.2 892 43 30.1331 21.2146
1.3 932 84 30.4305 23.0682
1.4000000000000001 972 125 30.725 24.7834
1.5000000000000002 1012 166 30 26.3871
1.6000000000000003 1052 207 30.2987 27.8986
1.7000000000000004 1092 249 30.5944 29.3664
1.8000000000000005 1132 290 30.8874 30.7316
1.9000000000000006 1173 330 30.1994 30
2.0000000000000004 1214 370 30.529 30.2987
2.1000000000000005 1275 390 30.4962 30.9521
2.2000000000000006 1356 390 30.0999 30.9521
2.3000000000000007 1438 390 30.7575 1
2.4000000000000008 1519 390 30.3647 1
2.5000000000000009 1600 390 30.9844 1
2.600000000000001 1681 390 30.5944 1
2.7000000000000011 1762 390 30.1994 1
2.8000000000000012 1843 390 30.8225 1
2.9000000000000012 1925 390 30.4633 1
